[dungeon index] 111//62 //  13040 // 要测试的地下城索引。0为等待室。-1为角色选择画面。-2为PVP。
[map index] 13062 //1 //16105//16305//1//16209 //1//16205//16209 //16209//1 //113013//13012//13025//13013//13038//5424//5413//2001//5413//46000 // 要测试的地图索引。
[path info] 2 100 // 通道信息。前面的数字是网格列表中的索引（0~），后面是合适的出口索引（0~）。
            // 如果通道或合适出口只有一个，则自动选择该通道或出口。
            // 如果有多个，则从0开始依次匹配。（例如如果左右都有通道，则右=0，左=1）
            // 后面的数字为100时，则变为首领房间。

[job] 2    // 测试角色职业（0:剑士，1:格斗家，2:枪手，3:魔法师，4:圣职者）
[grow type] 4        // 测试角色的成长类型。0~4（0为基本）
// 鬼剑士 - 0.鬼剑士，1.剑魂，2.鬼泣，3.狂战士，4.阿修罗
// 格斗家 - 0.格斗家
// 枪手 - 0.枪手，1.漫游枪手，2.
// 魔法师 - 0.魔法师，1.元素师，2.召唤师，3.战斗法师
// 圣职者 - 0.圣职者，1.圣骑士，
[level] 60        // 测试角色等级

[avatar]        // 放入时装栏的时装（槽位自动指定）

[/avatar]

[item]        // 放入物品栏的物品（槽位自动指定）

10886 0
12886 0
14877 0
16877 0
18882 0

29979 20
26088 20

20103 20
22102 20
24104 20

20103 0
22102 0
24104 0

6515    500    // `塔的无色小晶块`

// 无色小晶块
3037 1000

[/item]

[skill]            // 要设置的技能（槽位自动指定）
0            // 第一个参数是职业（0:剑士，1:格斗家，2:枪手，3:魔法师，4:圣职者）
76 20    // 狂暴
22 20    // 波动剑·爆炎
47 20    // 波动刻印
52 20    // 杀意波动
84 1    // 残影之凯贾
25 2    // 卡赞
16 1    // 侵蚀之普戾蒙
35 1    // 解除束缚
29 1    // 暗之亲和
67 1    // 离魂一闪
84 1    // 残影之凯贾
51 2    // 修罗邪光斩
50 2    // 邪光斩
6 2    // 鬼斩·狂怒
41 2    // 布雷默
8 2    // 三段斩
//53 2    // 精神振奋

54 1
49 1
48 1
46 2
45 1
44 2
42 1
40 2
39 2
38 2
37 2
36 2
35 1
34 2
33 1
32 2
31 2
30 2
29 1
28 1
27 1
26 1
24 2
23 1
21 2
20 2
19 2
18 2
17 2
16 2
15 2
14 2
13 2
12 2
11 2
10 1
9 2
7 2
5 2
4 2
3 2
2 2
1 8
169 1
170 1
171 1
172 1
173 1
174 1
175 1
176 1
177 1
178 1
179 1
180 5
181 1
182 1
183 1
184 1
185 1
186 1
187 1
[/skill]

[skill]            // 要设置的技能（槽位自动指定）
1            // 第一个参数是职业（0:剑士，1:格斗家，2:枪手，3:魔法师，4:圣职者）
43 20    // 双重投掷
58 20    // 疾风连击
60 20    // 爆裂拳
3 7    // 一击必杀
8 10
//72 1
9 10    // 背摔
71 1
70 1
69 1
68 1
67 1
64 1
63 1
62 1
61 1
59 1
57 1
56 1
55 1
54 20
53 1
52 20
51 20
50 20
49 20
48 1
47 1
46 20
45 20
44 20
42 10
41 1
40 20
39 20
38 10
37 20
36 20
35 1
34 1
33 1
32 1
31 20
30 10
29 1
28 1
27 1
26 1
25 1
24 1
23 1
22 5
21 1
20 20
19 20
18 1
17 20
16 20
15 20
14 20
13 20
12 20
//11 2
10 20
7 20
6 20
5 20
4 20
2 20
1 20
169 1
170 1
171 1
172 1
173 1
174 1
175 1
176 1
177 1
178 1
179 1
180 5
181 1
182 1
183 1
184 1
185 1
186 1
187 1
[/skill]

[skill]            // 要设置的技能（槽位自动指定）
2            // 第一个参数是职业（0:剑士，1:格斗家，2:枪手，3:魔法师，4:圣职者）
64 1    // 卫星射线
15 10    // 移动射击
63 10
2 1
7 2
30 1
4 6
53 2
52 2
51 1
50 1
49 2
48 2
47 2
46 2
45 2
44 1
43 2
58 3
//42 2
41 2
40 2
39 2
38 2
37 2
36 2
35 2
34 1
33 2
32 1
31 2
29 2
28 2
27 2
//26 2
25 1
24 1
23 2
22 2
21 6
20 1
19 1
18 1
17 1
16 1
14 2
13 2
12 2
11 2
10 2
9 2
8 1
7 2
6 2
5 2
3 2
1 2
187 1
186 2
185 1
184 1
183 1
182 1
181 1
180 2
179 1
178 2
177 2
176 2
175 2
174 1
173 1
172 1
171 1
170 1
169 1
[/skill]

[skill]            // 要设置的技能（槽位自动指定）
3            // 第一个参数是职业（0:剑士，1:格斗家，2:枪手，3:魔法师，4:圣职者）
24 10        // 精灵召唤：亚德炎
23 10        // 精灵召唤：瑟冥特克
22 10        // 精灵召唤：雷沃斯
21 10        // 精灵召唤：冰奈斯

37 19        // `魔法护盾`
9 1        // 炫纹：光
8 1        // 炫纹：暗
7 1        // 炫纹：冰
6 1        // 炫纹：火
5 1        // 炫纹：无

60 15        // 强化的魔法护盾
52 1        // 杀意波动
41 5        // `远古图书馆`
40 1        // 自动炫纹
10 1        // 炫纹发射
39 1        // 炫纹强压
101 10
46 20
47 2
10 1
39 1
54 1
53 1
51 1
50 1
49 1
48 1
45 2
44 2
4 5
43 1
15 1
42 1
41 1
38 1
17 1
18 1
36 1
35 1
34 1
33 1
32 1
31 1
30 1
25 10
29 1
28 1
27 1
26 1
20 1
19 10
16 1
14 1
13 1
12 1
11 1
3 1
2 5
1 1
169 1
170 1
171 1
172 1
173 1
174 1
175 1
176 1
177 1
178 1
179 1
180 1
181 1
182 1
183 1
184 1
185 1
186 1
187 1
57 2
[/skill]

[skill]            // 要设置的技能（槽位自动指定）
4            // 第一个参数是职业（0:剑士，1:格斗家，2:枪手，3:魔法师，4:圣职者）
173 1        // `重甲精通`
34 1        // `神圣板甲精通`

54 1    // 神的恩赐
7 5    // 天使祝福
53 5    // 智慧祝福
20 5    // 守护徽章
19 1    // 天籁之音
45 5    // 荣誉祝福

23 5    // 光之复仇
51 5    // 缓慢愈合
55 5    // 快速愈合

24 1    // 天启之珠
21 5    // 生命源泉

11 10        // `落凤锤`
1 10        // `空斩打`
22 1    // 神圣之光

13 1    // `疾风打`
17 1    // `镰刀精通`
18 1    // `战斧精通`
14 1    // `十字架精通`
15 1    // `念珠精通`
16 1    // `图腾精通`


31 2
70 3
5 1
4 1
3 1
2 1
1 1
169 1
170 1
171 1
172 1
173 1
174 1
175 1
176 1
177 1
178 1
179 1
180 1
181 1
182 1
183 1
184 1
185 1
186 1
187 1
[/skill]

[cash] 3000        // 持有点券
[SP] 1011        // 持有技能点

// 以下内容请尽量不要修改！
[test user number] 1
[user index] 0
[IP]
224
[/IP]