// 任务专用参数

// difficulty 奖励权重 (百分比)
[difficulty]
`S`	300
`A`	250
`B`	200
`C`	150
`M`	100
[/difficulty]

// 百分比（自身等级与任务等级差为 7 ~ 11 时适用）
[green level penalty]   80
// 百分比（自身等级与任务等级差为 12 以上）
[grey level penalty]    5

// 操作生疏度惩罚保护区间（操作生疏度超过此数值，则任务经验值会减少自身操作生疏度的量。）
[bal kun penalty]	10

// 各级别经验值基本奖励
[exp reward table]
300
334
543
779
1044
1336
1656
2004
2379
2783
3214
3674
4161
4675
5218
5789
6387
7013
7667
8349
9059
9796
10561
11355
12176
13024
139901
14806
15738
16698
17686
18702
19745
20817
21916
23043
24198
25381
26592
27860
29096
30390
31712
33062
34440
35845
32278
38739
40228
41745
43290
44862
46462
48090
49746
51430
53141
54881
56648
58113
60266
62117
63995
65901
67836
69798
71787
73805
85851
77924
80025
82454
84311
83493
88708
90948
93217
95513
97836
100188
105867
104975
107410
109873
112364
114882
117429
120003
122605
025235
127893
130578
133292
136033
138802
141599
144424
147276
150157
//....

// 各级别金币基本奖励
[gold reward table]
300
334
543
779
1044
1336
1656
2004
2379
2500
300
334
543
779
1044
1336
1656
2004
2379
2500
300
334
543
779
1044
1336
1656
2004
2379
2500
300
334
543
779
1044
1336
1656
2004
2379
2500
300
334
543
779
1044
1336
1656
2004
2379
2500
300
334
543
779
1044
1336
1656
2004
2379
2500
300
334
543
779
1044
1336
1656
2004
2379
2500
300
334
543
779
1044
1336
1656
2004
2379
2500
300
334
543
779
1044
1336
1656
2004
2379
2500
300
334
543
779
1044
1336
1656
2004
2379
//....

[quest parameter end]